[ 2, 1 ][ 2 ][  ][ f1, <identity> of ..., <identity> of ..., <identity> of ... ]
[ 2, 1 ][ 1, 2, 2, 2, 2 ][ 2, 2, 2, 2 ][ f1, <identity> of ..., f1, f1, f1, f1 ]
[ 3, 1 ][ 1, 3, 3 ][ 2, 3 ][ f1, <identity> of ..., f1, f1^2 ]
[ 4, 1 ][ 1, 2, 2 ][ 3, 3 ][ f1, f2, f2, f2 ]
[ 4, 2 ][ 1, 2, 2 ][ 2, 2 ][ f1, f2, f1, f1 ]
[ 4, 2 ][ 1, 2, 2 ][ 3, 3 ][ f1, f2, f2, f2 ]
[ 4, 2 ][ 1, 2, 2 ][ 4, 4 ][ f1, f2, f1*f2, f1*f2 ]
[ 6, 1 ][ 1, 3 ][ 3 ][ f2^2, f1, f2 ]
[ 8, 3 ][ 1, 2 ][ 4 ][ f2, f1, f3 ]
[ 8, 4 ][ 1, 2 ][ 4 ][ f2, f1, f3 ]
[ 2, 1 ][ 0, 2, 2, 2, 2, 2, 2, 2, 2 ][ 2, 2, 2, 2, 2, 2, 2, 2 ][ f1, f1, f1, f1, f1, f1, f1, f1 ]
[ 3, 1 ][ 0, 3, 3, 3, 3, 3 ][ 2, 2, 2, 2, 3 ][ f1, f1, f1, f1, f1^2 ]
[ 3, 1 ][ 0, 3, 3, 3, 3, 3 ][ 2, 3, 3, 3, 3 ][ f1, f1^2, f1^2, f1^2, f1^2 ]
[ 4, 1 ][ 0, 4, 4, 4, 4 ][ 2, 2, 2, 2 ][ f1, f1, f1, f1 ]
[ 4, 1 ][ 0, 4, 4, 4, 4 ][ 2, 2, 4, 4 ][ f1, f1, f1*f2, f1*f2 ]
[ 4, 1 ][ 0, 4, 4, 4, 4 ][ 4, 4, 4, 4 ][ f1*f2, f1*f2, f1*f2, f1*f2 ]
[ 4, 1 ][ 0, 2, 2, 2, 4, 4 ][ 3, 3, 3, 2, 2 ][ f2, f2, f2, f1, f1 ]
[ 4, 1 ][ 0, 2, 2, 2, 4, 4 ][ 3, 3, 3, 4, 4 ][ f2, f2, f2, f1*f2, f1*f2 ]
[ 4, 2 ][ 0, 2, 2, 2, 2, 2, 2 ][ 2, 2, 2, 2, 3, 3 ][ f1, f1, f1, f1, f2, f2 ]
[ 4, 2 ][ 0, 2, 2, 2, 2, 2, 2 ][ 2, 2, 2, 2, 4, 4 ][ f1, f1, f1, f1, f1*f2, f1*f2 ]
[ 4, 2 ][ 0, 2, 2, 2, 2, 2, 2 ][ 2, 2, 3, 3, 3, 3 ][ f1, f1, f2, f2, f2, f2 ]
[ 4, 2 ][ 0, 2, 2, 2, 2, 2, 2 ][ 2, 2, 3, 3, 4, 4 ][ f1, f1, f2, f2, f1*f2, f1*f2 ]
[ 4, 2 ][ 0, 2, 2, 2, 2, 2, 2 ][ 2, 2, 4, 4, 4, 4 ][ f1, f1, f1*f2, f1*f2, f1*f2, f1*f2 ]
[ 4, 2 ][ 0, 2, 2, 2, 2, 2, 2 ][ 3, 3, 3, 3, 4, 4 ][ f2, f2, f2, f2, f1*f2, f1*f2 ]
[ 4, 2 ][ 0, 2, 2, 2, 2, 2, 2 ][ 3, 3, 4, 4, 4, 4 ][ f2, f2, f1*f2, f1*f2, f1*f2, f1*f2 ]
[ 6, 2 ][ 0, 2, 3, 3, 6 ][ 2, 3, 3, 4 ][ f1, f2, f2, f1*f2 ]
[ 6, 2 ][ 0, 2, 3, 3, 6 ][ 2, 5, 5, 6 ][ f1, f2^2, f2^2, f1*f2^2 ]
[ 6, 2 ][ 0, 2, 2, 6, 6 ][ 2, 2, 4, 6 ][ f1, f1, f1*f2, f1*f2^2 ]
[ 6, 1 ][ 0, 2, 2, 2, 2, 3 ][ 2, 2, 2, 2, 3 ][ f1, f1, f1, f1*f2^2, f2 ]
[ 7, 1 ][ 0, 7, 7, 7 ][ 2, 2, 6 ][ f1, f1, f1^5 ]
[ 7, 1 ][ 0, 7, 7, 7 ][ 2, 3, 5 ][ f1, f1^2, f1^4 ]
[ 7, 1 ][ 0, 7, 7, 7 ][ 2, 4, 4 ][ f1, f1^3, f1^3 ]
[ 7, 1 ][ 0, 7, 7, 7 ][ 3, 3, 4 ][ f1^2, f1^2, f1^3 ]
[ 7, 1 ][ 0, 7, 7, 7 ][ 3, 7, 7 ][ f1^2, f1^6, f1^6 ]
[ 7, 1 ][ 0, 7, 7, 7 ][ 4, 6, 7 ][ f1^3, f1^5, f1^6 ]
[ 7, 1 ][ 0, 7, 7, 7 ][ 5, 5, 7 ][ f1^4, f1^4, f1^6 ]
[ 7, 1 ][ 0, 7, 7, 7 ][ 5, 6, 6 ][ f1^4, f1^5, f1^5 ]
[ 8, 1 ][ 0, 4, 8, 8 ][ 3, 2, 6 ][ f2, f1, f1*f3 ]
[ 8, 1 ][ 0, 4, 8, 8 ][ 3, 5, 5 ][ f2, f1*f2, f1*f2 ]
[ 8, 1 ][ 0, 4, 8, 8 ][ 3, 8, 8 ][ f2, f1*f2*f3, f1*f2*f3 ]
[ 8, 1 ][ 0, 4, 8, 8 ][ 7, 2, 2 ][ f2*f3, f1, f1 ]
[ 8, 1 ][ 0, 4, 8, 8 ][ 7, 5, 8 ][ f2*f3, f1*f2, f1*f2*f3 ]
[ 8, 1 ][ 0, 4, 8, 8 ][ 7, 6, 6 ][ f2*f3, f1*f3, f1*f3 ]
[ 8, 2 ][ 0, 2, 2, 4, 4 ][ 3, 3, 2, 6 ][ f2, f2, f1, f1*f3 ]
[ 8, 2 ][ 0, 2, 2, 4, 4 ][ 3, 3, 5, 8 ][ f2, f2, f1*f2, f1*f2*f3 ]
[ 8, 2 ][ 0, 2, 2, 4, 4 ][ 3, 4, 2, 5 ][ f2, f3, f1, f1*f2 ]
[ 8, 2 ][ 0, 2, 2, 4, 4 ][ 3, 4, 6, 8 ][ f2, f3, f1*f3, f1*f2*f3 ]
[ 8, 2 ][ 0, 2, 2, 4, 4 ][ 3, 7, 2, 2 ][ f2, f2*f3, f1, f1 ]
[ 8, 2 ][ 0, 2, 2, 4, 4 ][ 3, 7, 5, 5 ][ f2, f2*f3, f1*f2, f1*f2 ]
[ 8, 2 ][ 0, 2, 2, 4, 4 ][ 3, 7, 6, 6 ][ f2, f2*f3, f1*f3, f1*f3 ]
[ 8, 2 ][ 0, 2, 2, 4, 4 ][ 3, 7, 8, 8 ][ f2, f2*f3, f1*f2*f3, f1*f2*f3 ]
[ 8, 2 ][ 0, 2, 2, 4, 4 ][ 4, 7, 2, 8 ][ f3, f2*f3, f1, f1*f2*f3 ]
[ 8, 2 ][ 0, 2, 2, 4, 4 ][ 4, 7, 5, 6 ][ f3, f2*f3, f1*f2, f1*f3 ]
[ 8, 2 ][ 0, 2, 2, 4, 4 ][ 7, 7, 2, 6 ][ f2*f3, f2*f3, f1, f1*f3 ]
[ 8, 2 ][ 0, 2, 2, 4, 4 ][ 7, 7, 5, 8 ][ f2*f3, f2*f3, f1*f2, f1*f2*f3 ]
[ 8, 3 ][ 0, 2, 2, 4, 4 ][ 2, 2, 5, 5 ][ f1, f1, f1*f2, f1*f2*f3 ]
[ 8, 3 ][ 0, 2, 2, 4, 4 ][ 3, 3, 5, 5 ][ f2, f2, f1*f2, f1*f2*f3 ]
[ 8, 3 ][ 0, 2, 2, 2, 2, 2 ][ 2, 2, 3, 3, 4 ][ f1, f1, f2, f2*f3, f3 ]
[ 8, 5 ][ 0, 2, 2, 2, 2, 2 ][ 2, 2, 3, 4, 7 ][ f1, f1, f2, f3, f2*f3 ]
[ 8, 5 ][ 0, 2, 2, 2, 2, 2 ][ 2, 2, 3, 6, 8 ][ f1, f1, f2, f1*f3, f1*f2*f3 ]
[ 8, 5 ][ 0, 2, 2, 2, 2, 2 ][ 2, 2, 4, 5, 8 ][ f1, f1, f3, f1*f2, f1*f2*f3 ]
[ 8, 5 ][ 0, 2, 2, 2, 2, 2 ][ 2, 2, 5, 6, 7 ][ f1, f1, f1*f2, f1*f3, f2*f3 ]
[ 8, 5 ][ 0, 2, 2, 2, 2, 2 ][ 2, 3, 3, 4, 6 ][ f1, f2, f2, f3, f1*f3 ]
[ 8, 5 ][ 0, 2, 2, 2, 2, 2 ][ 2, 3, 3, 7, 8 ][ f1, f2, f2, f2*f3, f1*f2*f3 ]
[ 8, 5 ][ 0, 2, 2, 2, 2, 2 ][ 2, 3, 4, 4, 5 ][ f1, f2, f3, f3, f1*f2 ]
[ 8, 5 ][ 0, 2, 2, 2, 2, 2 ][ 2, 3, 5, 6, 6 ][ f1, f2, f1*f2, f1*f3, f1*f3 ]
[ 8, 5 ][ 0, 2, 2, 2, 2, 2 ][ 2, 3, 5, 7, 7 ][ f1, f2, f1*f2, f2*f3, f2*f3 ]
[ 8, 5 ][ 0, 2, 2, 2, 2, 2 ][ 2, 3, 5, 8, 8 ][ f1, f2, f1*f2, f1*f2*f3, f1*f2*f3 ]
[ 8, 5 ][ 0, 2, 2, 2, 2, 2 ][ 2, 4, 4, 7, 8 ][ f1, f3, f3, f2*f3, f1*f2*f3 ]
[ 8, 5 ][ 0, 2, 2, 2, 2, 2 ][ 2, 4, 5, 5, 6 ][ f1, f3, f1*f2, f1*f2, f1*f3 ]
[ 8, 5 ][ 0, 2, 2, 2, 2, 2 ][ 2, 4, 6, 7, 7 ][ f1, f3, f1*f3, f2*f3, f2*f3 ]
[ 8, 5 ][ 0, 2, 2, 2, 2, 2 ][ 2, 4, 6, 8, 8 ][ f1, f3, f1*f3, f1*f2*f3, f1*f2*f3 ]
[ 8, 5 ][ 0, 2, 2, 2, 2, 2 ][ 2, 5, 5, 7, 8 ][ f1, f1*f2, f1*f2, f2*f3, f1*f2*f3 ]
[ 8, 5 ][ 0, 2, 2, 2, 2, 2 ][ 2, 6, 6, 7, 8 ][ f1, f1*f3, f1*f3, f2*f3, f1*f2*f3 ]
[ 8, 5 ][ 0, 2, 2, 2, 2, 2 ][ 3, 3, 4, 5, 8 ][ f2, f2, f3, f1*f2, f1*f2*f3 ]
[ 8, 5 ][ 0, 2, 2, 2, 2, 2 ][ 3, 3, 5, 6, 7 ][ f2, f2, f1*f2, f1*f3, f2*f3 ]
[ 8, 5 ][ 0, 2, 2, 2, 2, 2 ][ 3, 4, 4, 6, 8 ][ f2, f3, f3, f1*f3, f1*f2*f3 ]
[ 8, 5 ][ 0, 2, 2, 2, 2, 2 ][ 3, 4, 5, 5, 7 ][ f2, f3, f1*f2, f1*f2, f2*f3 ]
[ 8, 5 ][ 0, 2, 2, 2, 2, 2 ][ 3, 4, 6, 6, 7 ][ f2, f3, f1*f3, f1*f3, f2*f3 ]
[ 8, 5 ][ 0, 2, 2, 2, 2, 2 ][ 3, 4, 7, 8, 8 ][ f2, f3, f2*f3, f1*f2*f3, f1*f2*f3 ]
[ 8, 5 ][ 0, 2, 2, 2, 2, 2 ][ 3, 5, 5, 6, 8 ][ f2, f1*f2, f1*f2, f1*f3, f1*f2*f3 ]
[ 8, 5 ][ 0, 2, 2, 2, 2, 2 ][ 3, 6, 7, 7, 8 ][ f2, f1*f3, f2*f3, f2*f3, f1*f2*f3 ]
[ 8, 5 ][ 0, 2, 2, 2, 2, 2 ][ 4, 4, 5, 6, 7 ][ f3, f3, f1*f2, f1*f3, f2*f3 ]
[ 8, 5 ][ 0, 2, 2, 2, 2, 2 ][ 4, 5, 6, 6, 8 ][ f3, f1*f2, f1*f3, f1*f3, f1*f2*f3 ]
[ 8, 5 ][ 0, 2, 2, 2, 2, 2 ][ 4, 5, 7, 7, 8 ][ f3, f1*f2, f2*f3, f2*f3, f1*f2*f3 ]
[ 8, 5 ][ 0, 2, 2, 2, 2, 2 ][ 5, 6, 7, 8, 8 ][ f1*f2, f1*f3, f2*f3, f1*f2*f3, f1*f2*f3 ]
[ 9, 1 ][ 0, 3, 9, 9 ][ 3, 2, 7 ][ f2, f1, f1^2*f2 ]
[ 9, 1 ][ 0, 3, 9, 9 ][ 3, 4, 5 ][ f2, f1^2, f1*f2 ]
[ 9, 1 ][ 0, 3, 9, 9 ][ 3, 8, 9 ][ f2, f1*f2^2, f1^2*f2^2 ]
[ 9, 1 ][ 0, 3, 9, 9 ][ 6, 2, 4 ][ f2^2, f1, f1^2 ]
[ 9, 1 ][ 0, 3, 9, 9 ][ 6, 5, 9 ][ f2^2, f1*f2, f1^2*f2^2 ]
[ 9, 1 ][ 0, 3, 9, 9 ][ 6, 7, 8 ][ f2^2, f1^2*f2, f1*f2^2 ]
[ 12, 1 ][ 0, 4, 4, 6 ][ 2, 2, 6 ][ f1, f1*f3^2, f2*f3 ]
[ 12, 1 ][ 0, 4, 4, 6 ][ 5, 5, 6 ][ f1*f2, f1*f2*f3^2, f2*f3 ]
[ 12, 2 ][ 0, 3, 4, 12 ][ 3, 2, 12 ][ f2, f1, f1*f2^2*f3 ]
[ 12, 2 ][ 0, 3, 4, 12 ][ 3, 6, 9 ][ f2, f1*f3, f1*f2^2 ]
[ 12, 2 ][ 0, 3, 4, 12 ][ 7, 2, 10 ][ f2^2, f1, f1*f2*f3 ]
[ 12, 2 ][ 0, 3, 4, 12 ][ 7, 6, 5 ][ f2^2, f1*f3, f1*f2 ]
[ 12, 2 ][ 0, 2, 12, 12 ][ 4, 5, 9 ][ f3, f1*f2, f1*f2^2 ]
[ 12, 2 ][ 0, 2, 12, 12 ][ 4, 10, 12 ][ f3, f1*f2*f3, f1*f2^2*f3 ]
[ 12, 3 ][ 0, 2, 2, 3, 3 ][ 3, 3, 2, 4 ][ f2, f2, f1, f1^2 ]
[ 12, 4 ][ 0, 2, 2, 2, 6 ][ 2, 2, 3, 6 ][ f1, f1*f3^2, f2, f2*f3 ]
[ 12, 4 ][ 0, 2, 2, 2, 6 ][ 3, 5, 5, 6 ][ f2, f1*f2, f1*f2*f3^2, f2*f3 ]
[ 14, 2 ][ 0, 2, 7, 14 ][ 2, 3, 14 ][ f1, f2, f1*f2^6 ]
[ 14, 2 ][ 0, 2, 7, 14 ][ 2, 5, 12 ][ f1, f2^2, f1*f2^5 ]
[ 14, 2 ][ 0, 2, 7, 14 ][ 2, 7, 10 ][ f1, f2^3, f1*f2^4 ]
[ 14, 2 ][ 0, 2, 7, 14 ][ 2, 9, 8 ][ f1, f2^4, f1*f2^3 ]
[ 14, 2 ][ 0, 2, 7, 14 ][ 2, 11, 6 ][ f1, f2^5, f1*f2^2 ]
[ 14, 2 ][ 0, 2, 7, 14 ][ 2, 13, 4 ][ f1, f2^6, f1*f2 ]
[ 16, 2 ][ 0, 4, 4, 4 ][ 2, 3, 16 ][ f1, f2, f1*f2*f3*f4 ]
[ 16, 2 ][ 0, 4, 4, 4 ][ 2, 6, 15 ][ f1, f1*f2, f2*f3*f4 ]
[ 16, 2 ][ 0, 4, 4, 4 ][ 2, 9, 13 ][ f1, f2*f3, f1*f2*f4 ]
[ 16, 2 ][ 0, 4, 4, 4 ][ 2, 10, 12 ][ f1, f2*f4, f1*f2*f3 ]
[ 16, 2 ][ 0, 4, 4, 4 ][ 3, 6, 14 ][ f2, f1*f2, f1*f3*f4 ]
[ 16, 2 ][ 0, 4, 4, 4 ][ 3, 7, 13 ][ f2, f1*f3, f1*f2*f4 ]
[ 16, 2 ][ 0, 4, 4, 4 ][ 3, 8, 12 ][ f2, f1*f4, f1*f2*f3 ]
[ 16, 2 ][ 0, 4, 4, 4 ][ 6, 7, 10 ][ f1*f2, f1*f3, f2*f4 ]
[ 16, 2 ][ 0, 4, 4, 4 ][ 6, 8, 9 ][ f1*f2, f1*f4, f2*f3 ]
[ 16, 2 ][ 0, 4, 4, 4 ][ 7, 9, 16 ][ f1*f3, f2*f3, f1*f2*f3*f4 ]
[ 16, 2 ][ 0, 4, 4, 4 ][ 7, 12, 15 ][ f1*f3, f1*f2*f3, f2*f3*f4 ]
[ 16, 2 ][ 0, 4, 4, 4 ][ 8, 10, 16 ][ f1*f4, f2*f4, f1*f2*f3*f4 ]
[ 16, 2 ][ 0, 4, 4, 4 ][ 8, 13, 15 ][ f1*f4, f1*f2*f4, f2*f3*f4 ]
[ 16, 2 ][ 0, 4, 4, 4 ][ 9, 12, 14 ][ f2*f3, f1*f2*f3, f1*f3*f4 ]
[ 16, 2 ][ 0, 4, 4, 4 ][ 10, 13, 14 ][ f2*f4, f1*f2*f4, f1*f3*f4 ]
[ 16, 2 ][ 0, 4, 4, 4 ][ 14, 15, 16 ][ f1*f3*f4, f2*f3*f4, f1*f2*f3*f4 ]
[ 16, 4 ][ 0, 4, 4, 4 ][ 2, 3, 10 ][ f1, f2, f1*f2*f4 ]
[ 16, 4 ][ 0, 4, 4, 4 ][ 2, 6, 8 ][ f1, f1*f2, f2*f3*f4 ]
[ 16, 4 ][ 0, 4, 4, 4 ][ 3, 6, 7 ][ f2, f1*f2, f1*f4 ]
[ 16, 4 ][ 0, 4, 4, 4 ][ 7, 8, 10 ][ f1*f4, f2*f4, f1*f2*f4 ]
[ 16, 5 ][ 0, 2, 8, 8 ][ 3, 2, 16 ][ f2, f1, f1*f2*f3*f4 ]
[ 16, 5 ][ 0, 2, 8, 8 ][ 3, 6, 14 ][ f2, f1*f2, f1*f3*f4 ]
[ 16, 5 ][ 0, 2, 8, 8 ][ 3, 7, 13 ][ f2, f1*f3, f1*f2*f4 ]
[ 16, 5 ][ 0, 2, 8, 8 ][ 3, 8, 12 ][ f2, f1*f4, f1*f2*f3 ]
[ 16, 5 ][ 0, 2, 8, 8 ][ 10, 2, 12 ][ f2*f4, f1, f1*f2*f3 ]
[ 16, 5 ][ 0, 2, 8, 8 ][ 10, 6, 7 ][ f2*f4, f1*f2, f1*f3 ]
[ 16, 5 ][ 0, 2, 8, 8 ][ 10, 8, 16 ][ f2*f4, f1*f4, f1*f2*f3*f4 ]
[ 16, 5 ][ 0, 2, 8, 8 ][ 10, 13, 14 ][ f2*f4, f1*f2*f4, f1*f3*f4 ]
[ 16, 6 ][ 0, 2, 8, 8 ][ 3, 2, 10 ][ f2, f1, f1*f2*f3*f4 ]
[ 16, 6 ][ 0, 2, 8, 8 ][ 3, 6, 7 ][ f2, f1*f2, f1*f3 ]
[ 16, 11 ][ 0, 2, 2, 2, 4 ][ 2, 3, 4, 10 ][ f1, f2, f3, f1*f2*f3*f4 ]
[ 16, 11 ][ 0, 2, 2, 2, 4 ][ 2, 3, 9, 10 ][ f1, f2, f3*f4, f1*f2*f3 ]
[ 16, 11 ][ 0, 2, 2, 2, 4 ][ 2, 4, 8, 6 ][ f1, f3, f2*f3, f1*f2*f4 ]
[ 16, 11 ][ 0, 2, 2, 2, 4 ][ 2, 8, 9, 6 ][ f1, f2*f3, f3*f4, f1*f2 ]
[ 16, 11 ][ 0, 2, 2, 2, 4 ][ 3, 4, 7, 6 ][ f2, f3, f1*f3, f1*f2 ]
[ 16, 11 ][ 0, 2, 2, 2, 4 ][ 3, 7, 9, 6 ][ f2, f1*f3, f3*f4, f1*f2*f4 ]
[ 16, 11 ][ 0, 2, 2, 2, 4 ][ 4, 7, 8, 10 ][ f3, f1*f3, f2*f3, f1*f2*f3*f4 ]
[ 16, 11 ][ 0, 2, 2, 2, 4 ][ 7, 8, 9, 10 ][ f1*f3, f2*f3, f3*f4, f1*f2*f3 ]
[ 16, 13 ][ 0, 2, 2, 2, 4 ][ 2, 3, 10, 4 ][ f1, f2, f1*f2*f3, f3 ]
[ 16, 13 ][ 0, 2, 2, 2, 4 ][ 2, 3, 10, 9 ][ f1, f2, f1*f2*f3*f4, f3*f4 ]
[ 21, 1 ][ 0, 3, 3, 7 ][ 2, 4, 3 ][ f1, f1^2*f2^5, f2^2 ]
[ 21, 1 ][ 0, 3, 3, 7 ][ 2, 4, 5 ][ f1, f1^2*f2^4, f2^3 ]
[ 24, 12 ][ 0, 3, 4, 4 ][ 3, 5, 5 ][ f2, f1*f4, f1*f2^2*f3*f4 ]
[ 24, 3 ][ 0, 3, 3, 6 ][ 2, 2, 6 ][ f1, f1*f2*f3, f1*f2*f4 ]
[ 24, 3 ][ 0, 3, 3, 6 ][ 5, 5, 7 ][ f1^2, f1^2*f3*f4, f1^2*f2 ]
[ 24, 13 ][ 0, 2, 6, 6 ][ 4, 5, 8 ][ f3, f1*f2, f1*f2^2*f3 ]
[ 24, 5 ][ 0, 2, 4, 12 ][ 2, 6, 12 ][ f1, f1*f2*f4^2, f2*f3*f4 ]
[ 24, 5 ][ 0, 2, 4, 12 ][ 2, 11, 9 ][ f1, f1*f2*f3*f4^2, f2*f4 ]
[ 24, 5 ][ 0, 2, 4, 12 ][ 7, 6, 9 ][ f1*f3, f1*f2*f4^2, f2*f4 ]
[ 24, 5 ][ 0, 2, 4, 12 ][ 7, 11, 12 ][ f1*f3, f1*f2*f3*f4^2, f2*f3*f4 ]
[ 24, 12 ][ 0, 2, 2, 2, 3 ][ 2, 2, 4, 3 ][ f1, f1*f2^2, f3, f2*f4 ]
[ 32, 9 ][ 0, 2, 4, 8 ][ 3, 2, 12 ][ f2, f1, f1*f2*f4 ]
[ 32, 9 ][ 0, 2, 4, 8 ][ 3, 2, 14 ][ f2, f1*f5, f1*f2*f4*f5 ]
[ 32, 9 ][ 0, 2, 4, 8 ][ 3, 8, 7 ][ f2, f1*f4, f1*f2 ]
[ 32, 9 ][ 0, 2, 4, 8 ][ 3, 8, 13 ][ f2, f1*f4*f5, f1*f2*f5 ]
[ 32, 9 ][ 0, 2, 4, 8 ][ 9, 2, 7 ][ f2*f4, f1, f1*f2 ]
[ 32, 9 ][ 0, 2, 4, 8 ][ 9, 2, 13 ][ f2*f4, f1*f5, f1*f2*f5 ]
[ 32, 9 ][ 0, 2, 4, 8 ][ 9, 8, 12 ][ f2*f4, f1*f4, f1*f2*f4 ]
[ 32, 9 ][ 0, 2, 4, 8 ][ 9, 8, 14 ][ f2*f4, f1*f4*f5, f1*f2*f4*f5 ]
[ 32, 11 ][ 0, 2, 4, 8 ][ 3, 7, 8 ][ f2, f1*f2, f1*f3*f4 ]
[ 32, 11 ][ 0, 2, 4, 8 ][ 3, 12, 2 ][ f2, f1*f2*f4, f1*f3 ]
[ 32, 11 ][ 0, 2, 4, 8 ][ 3, 13, 8 ][ f2, f1*f2*f5, f1*f3*f4*f5 ]
[ 32, 11 ][ 0, 2, 4, 8 ][ 3, 14, 2 ][ f2, f1*f2*f4*f5, f1*f3*f5 ]
[ 48, 3 ][ 0, 3, 3, 4 ][ 2, 5, 3 ][ f1, f1^2*f3*f4, f3 ]
[ 48, 3 ][ 0, 3, 3, 4 ][ 2, 5, 6 ][ f1, f1^2*f3, f3*f4 ]
[ 48, 3 ][ 0, 3, 3, 4 ][ 2, 5, 7 ][ f1, f1^2*f3*f4*f5, f3*f5 ]
[ 48, 3 ][ 0, 3, 3, 4 ][ 2, 5, 8 ][ f1, f1^2*f2*f4, f2*f5 ]
[ 48, 48 ][ 0, 2, 4, 6 ][ 2, 10, 8 ][ f1, f1*f2*f3^2*f5, f2*f3*f4*f5 ]
[ 48, 48 ][ 0, 2, 4, 6 ][ 6, 7, 8 ][ f1*f2, f1*f3^2*f5, f2*f3*f4*f5 ]
[ 48, 33 ][ 0, 2, 3, 12 ][ 7, 3, 11 ][ f1*f3, f2*f3, f1*f2^2*f4*f5 ]
[ 48, 33 ][ 0, 2, 3, 12 ][ 7, 3, 14 ][ f1*f3, f2, f1*f2^2*f3 ]
[ 48, 33 ][ 0, 2, 3, 12 ][ 7, 9, 6 ][ f1*f3, f2^2, f1*f2*f3 ]
[ 48, 33 ][ 0, 2, 3, 12 ][ 7, 9, 12 ][ f1*f3, f2^2*f3*f4*f5, f1*f2*f5 ]
[ 96, 64 ][ 0, 2, 3, 8 ][ 2, 3, 6 ][ f1, f2*f3*f6, f1*f2*f3*f4*f5*f6 ]
[ 96, 64 ][ 0, 2, 3, 8 ][ 2, 3, 10 ][ f1, f2*f3*f5, f1*f2*f3*f4*f5 ]
[ 168, 42 ][ 0, 2, 3, 7 ][ 2, 3, 5 ][ (3,4)(5,6), (1,5,2)(3,6,7), (1,2,6,4,3,7,5) ]
[ 168, 42 ][ 0, 2, 3, 7 ][ 2, 3, 6 ][ (3,4)(5,6), (1,2,5)(3,7,6), (1,6,7,4,3,5,2) ]
