/* The two examples of curves of genus 46 with automorphism group of size
2160 are included here.

First the groups may be determined by these Magma commands:
F<x,y,z>:=FreeGroup(3);
G1:=PermutationGroup(quo<F| x^2, y^-3, z^-1 * y^-1 * x, z^8, y * x * z * y * x * z * y * z^-1 * y * z^-1 * x * y^-1 * z^-1 * x * z>);
G2:=PermutationGroup(quo<F| x^2, y^-3, z^-1 * y^-1 * x, z^8, y * x * z^2 *y * x * z^2 * y * z^-1 * x * z * y * z^-1 * x * y^-1* z^-2 * x * z^2 >);


Second, the data below gives the group (named as G1 or G2) and the
signature, the the conjugacy classes of that group from which the
particular generating vector comes from, and finally the three entries of
the generating vector.
*/


G1
[ 0, 2, 3, 8 ]
[ 3, 5, 10 ]
(1, 8)(4, 17)(5, 14)(6, 28)(7, 15)(9, 16)(10, 44)(11, 24)(12, 34)(13, 52)(18, 36)(19, 66)(20, 40)(22, 74)(23, 79)(25, 51)(26, 67)(27, 37)(29, 56)(30, 84)(31, 61)(32, 59)(35, 91)(38, 68)(39, 49)(41, 73)(42, 97)(43, 57)(45, 78)(46, 96)(47, 62)(48, 50)(53, 83)(54, 107)(55, 69)(58, 76)(60, 100)(63, 85)(64, 70)(65, 71)(72, 90)(75, 101)(77, 98)(80, 104)(81, 95)(82, 105)(86, 102)(88, 99)(89, 93)(92, 106)(94, 108)
(1, 2, 3)(4, 5, 8)(6, 9, 14)(7, 11, 17)(10, 15, 16)(12, 18, 24)(13, 20, 28)(19, 25, 36)(21, 29, 40)(22, 31, 44)(23, 33, 34)(26, 37, 51)(27, 38, 52)(30, 41, 56)(32, 45, 61)(35, 48, 66)(39, 53, 68)(42, 57, 73)(43, 58, 74)(46, 62, 78)(47, 63, 79)(49, 67, 50)(54, 69, 83)(55, 70, 84)(59, 60, 76)(64, 71, 85)(65, 80, 91)(72, 86, 97)(75, 88, 100)(77, 90, 96)(81, 92, 104)(82, 94, 107)(87, 98, 102)(89, 101, 99)(93, 105, 106)(95, 103, 108)
(1, 3, 2, 8, 14, 16, 7, 4)(5, 17, 24, 36, 51, 27, 13, 6)(9, 28, 40, 56, 73, 43, 22, 10)(11, 15, 44, 61, 78, 47, 23, 12)(18, 34, 33, 79, 85, 65, 35, 19)(20, 52, 68, 83, 55, 30, 29, 21)(25, 66, 50, 26)(31, 74, 76, 100, 99, 75, 60, 32)(37, 67, 39, 38)(41, 84, 64, 63, 62, 96, 72, 42)(45, 59, 58, 57, 97, 102, 77, 46)(48, 91, 104, 106, 82, 54, 53, 49)(69, 107, 108, 103, 81, 80, 71, 70)(86, 90, 98, 87)(88, 101, 93, 92, 95, 94, 105, 89)
*
G1
[ 0, 2, 3, 8 ]
[ 3, 5, 10 ]
(1, 8)(4, 17)(5, 14)(6, 28)(7, 15)(9, 16)(10, 44)(11, 24)(12, 34)(13, 52)(18, 36)(19, 66)(20, 40)(22, 74)(23, 79)(25, 51)(26, 67)(27, 37)(29, 56)(30, 84)(31, 61)(32, 59)(35, 91)(38, 68)(39, 49)(41, 73)(42, 97)(43, 57)(45, 78)(46, 96)(47, 62)(48, 50)(53, 83)(54, 107)(55, 69)(58, 76)(60, 100)(63, 85)(64, 70)(65, 71)(72, 90)(75, 101)(77, 98)(80, 104)(81, 95)(82, 105)(86, 102)(88, 99)(89, 93)(92, 106)(94, 108)
(1, 4, 7)(2, 27, 22)(3, 16, 13)(5, 47, 35)(6, 14, 23)(8, 43, 12)(9, 30, 55)(10, 51, 29)(11, 73, 60)(15, 75, 77)(17, 65, 50)(18, 19, 78)(20, 37, 82)(21, 36, 67)(24, 66, 39)(25, 54, 38)(26, 85, 53)(28, 83, 72)(31, 46, 99)(32, 56, 45)(33, 41, 81)(34, 61, 84)(40, 96, 59)(42, 68, 80)(44, 102, 64)(48, 108, 101)(49, 79, 103)(52, 106, 71)(57, 90, 86)(58, 62, 98)(63, 97, 87)(69, 93, 107)(70, 104, 92)(74, 100, 105)(76, 94, 89)(88, 95, 91)
(1, 15, 98, 47, 14, 28, 90, 43)(2, 74, 82, 27)(3, 52, 65, 4, 8, 34, 30, 16)(5, 91, 81, 73, 24, 49, 103, 23)(6, 79, 39, 19, 36, 21, 26, 83)(7, 17, 48, 75)(9, 69, 54, 51, 44, 70, 106, 13)(10, 56, 59, 46, 61, 12, 57, 102)(11, 100, 22, 37, 40, 32, 78, 66)(18, 45, 29, 25, 68, 97, 85, 67)(20, 105, 60, 41, 33, 95, 99, 96)(31, 88, 35, 62, 76, 93, 55, 84)(38, 107, 89, 108, 50, 71, 92, 80)(42, 104, 64, 86, 72, 53, 63, 87)(58, 77, 101, 94)
*
G1
[ 0, 2, 3, 8 ]
[ 3, 5, 10 ]
(1, 8)(4, 17)(5, 14)(6, 28)(7, 15)(9, 16)(10, 44)(11, 24)(12, 34)(13, 52)(18, 36)(19, 66)(20, 40)(22, 74)(23, 79)(25, 51)(26, 67)(27, 37)(29, 56)(30, 84)(31, 61)(32, 59)(35, 91)(38, 68)(39, 49)(41, 73)(42, 97)(43, 57)(45, 78)(46, 96)(47, 62)(48, 50)(53, 83)(54, 107)(55, 69)(58, 76)(60, 100)(63, 85)(64, 70)(65, 71)(72, 90)(75, 101)(77, 98)(80, 104)(81, 95)(82, 105)(86, 102)(88, 99)(89, 93)(92, 106)(94, 108)
(1, 9, 5)(2, 18, 15)(3, 31, 25)(4, 53, 41)(6, 60, 62)(7, 71, 63)(8, 20, 45)(10, 23, 37)(11, 29, 17)(12, 92, 51)(13, 57, 38)(14, 49, 69)(16, 86, 88)(19, 80, 27)(21, 94, 47)(22, 101, 42)(24, 90, 91)(26, 35, 84)(28, 48, 68)(30, 87, 96)(32, 102, 73)(33, 67, 52)(34, 76, 97)(36, 55, 105)(39, 99, 95)(40, 85, 74)(43, 79, 58)(44, 70, 98)(46, 54, 66)(50, 103, 56)(59, 89, 81)(61, 106, 100)(64, 82, 107)(65, 104, 93)(72, 78, 77)(75, 83, 108)
(1, 14, 55, 18, 2, 7, 85, 20)(3, 51, 106, 31)(4, 73, 86, 9, 8, 78, 90, 11)(5, 16, 99, 49)(6, 47, 108, 53, 17, 56, 103, 48)(10, 27, 104, 71, 15, 36, 82, 70)(12, 25, 61, 60, 28, 38, 43, 76)(13, 68, 50, 29, 24, 35, 67, 33)(19, 37, 79, 57, 52, 26, 30, 46)(21, 62, 100, 92, 34, 42, 75, 94)(22, 97, 58, 23, 44, 77, 45, 40)(32, 41, 83, 101, 74, 63, 65, 89)(39, 81, 93, 80, 66, 107, 105, 69)(54, 96, 87, 84, 91, 72, 98, 64)(59, 95, 88, 102)
*
G1
[ 0, 2, 3, 8 ]
[ 3, 5, 11 ]
(1, 8)(4, 17)(5, 14)(6, 28)(7, 15)(9, 16)(10, 44)(11, 24)(12, 34)(13, 52)(18, 36)(19, 66)(20, 40)(22, 74)(23, 79)(25, 51)(26, 67)(27, 37)(29, 56)(30, 84)(31, 61)(32, 59)(35, 91)(38, 68)(39, 49)(41, 73)(42, 97)(43, 57)(45, 78)(46, 96)(47, 62)(48, 50)(53, 83)(54, 107)(55, 69)(58, 76)(60, 100)(63, 85)(64, 70)(65, 71)(72, 90)(75, 101)(77, 98)(80, 104)(81, 95)(82, 105)(86, 102)(88, 99)(89, 93)(92, 106)(94, 108)
(1, 26, 58)(2, 6, 38)(3, 42, 33)(4, 63, 20)(5, 11, 10)(7, 36, 50)(8, 64, 35)(9, 46, 80)(12, 51, 40)(13, 78, 61)(14, 39, 77)(15, 70, 54)(16, 72, 55)(17, 89, 87)(18, 30, 88)(19, 41, 31)(21, 62, 76)(22, 56, 24)(23, 57, 108)(25, 48, 32)(27, 92, 86)(28, 81, 91)(29, 52, 93)(34, 95, 68)(37, 94, 53)(43, 103, 106)(44, 59, 107)(45, 90, 75)(47, 69, 49)(60, 79, 96)(65, 105, 85)(66, 101, 104)(67, 82, 100)(71, 73, 102)(74, 97, 98)(83, 84, 99)
(1, 76, 47, 39, 5, 44, 54, 64)(2, 68, 81, 6)(3, 33, 97, 22, 11, 14, 98, 42)(4, 40, 25, 59, 10, 24, 29, 89)(7, 48, 51, 34, 38, 28, 35, 70)(8, 91, 95, 12, 20, 85, 82, 26)(9, 104, 75, 72)(13, 31, 73, 65, 63, 17, 87, 93)(15, 107, 32, 50, 18, 99, 30, 36)(16, 69, 62, 21, 58, 67, 60, 46)(19, 61, 45, 101)(23, 94, 27, 102, 41, 66, 80, 96)(37, 83, 88, 84, 53, 108, 43, 92)(49, 55, 90, 78, 52, 56, 74, 77)(57, 79, 100, 105, 71, 86, 106, 103)
*
G1
[ 0, 2, 3, 8 ]
[ 3, 5, 11 ]
(1, 8)(4, 17)(5, 14)(6, 28)(7, 15)(9, 16)(10, 44)(11, 24)(12, 34)(13, 52)(18, 36)(19, 66)(20, 40)(22, 74)(23, 79)(25, 51)(26, 67)(27, 37)(29, 56)(30, 84)(31, 61)(32, 59)(35, 91)(38, 68)(39, 49)(41, 73)(42, 97)(43, 57)(45, 78)(46, 96)(47, 62)(48, 50)(53, 83)(54, 107)(55, 69)(58, 76)(60, 100)(63, 85)(64, 70)(65, 71)(72, 90)(75, 101)(77, 98)(80, 104)(81, 95)(82, 105)(86, 102)(88, 99)(89, 93)(92, 106)(94, 108)
(1, 13, 7)(2, 67, 55)(3, 43, 35)(4, 23, 22)(5, 84, 78)(6, 27, 60)(8, 45, 77)(9, 72, 51)(10, 66, 82)(11, 96, 99)(12, 16, 29)(14, 18, 50)(15, 105, 56)(17, 103, 38)(19, 102, 81)(20, 24, 85)(21, 65, 54)(25, 71, 36)(26, 41, 101)(28, 106, 33)(30, 80, 59)(31, 64, 73)(32, 83, 98)(34, 75, 87)(37, 92, 42)(39, 47, 53)(40, 97, 86)(44, 90, 58)(46, 94, 89)(48, 93, 104)(49, 61, 68)(52, 88, 107)(57, 63, 62)(69, 95, 79)(70, 108, 76)(74, 100, 91)
(1, 15, 29, 9, 25, 18, 5, 45)(2, 69, 23, 17, 68, 31, 41, 67)(3, 91, 60, 37, 97, 20, 63, 43)(4, 74, 35, 57, 47, 49, 38, 103)(6, 100, 22, 79, 81, 86, 42, 106)(7, 52, 54, 71, 51, 90, 10, 105)(8, 98, 53, 62, 85, 11, 88, 13)(12, 56, 82, 19, 95, 55, 26, 75)(14, 48, 80, 84)(16, 34, 87, 101, 73, 70, 58, 72)(21, 107, 99, 46, 93, 50, 36, 65)(24, 40, 102, 66, 44, 76, 94, 96)(27, 28, 33, 92)(30, 32, 77, 78)(39, 83, 59, 104, 89, 108, 64, 61)
*
G1
[ 0, 2, 3, 8 ]
[ 3, 5, 11 ]
(1, 8)(4, 17)(5, 14)(6, 28)(7, 15)(9, 16)(10, 44)(11, 24)(12, 34)(13, 52)(18, 36)(19, 66)(20, 40)(22, 74)(23, 79)(25, 51)(26, 67)(27, 37)(29, 56)(30, 84)(31, 61)(32, 59)(35, 91)(38, 68)(39, 49)(41, 73)(42, 97)(43, 57)(45, 78)(46, 96)(47, 62)(48, 50)(53, 83)(54, 107)(55, 69)(58, 76)(60, 100)(63, 85)(64, 70)(65, 71)(72, 90)(75, 101)(77, 98)(80, 104)(81, 95)(82, 105)(86, 102)(88, 99)(89, 93)(92, 106)(94, 108)
(1, 9, 18)(2, 53, 45)(3, 71, 67)(4, 57, 85)(5, 31, 29)(6, 101, 97)(7, 37, 90)(8, 86, 43)(10, 92, 68)(11, 60, 25)(12, 84, 28)(13, 17, 49)(14, 19, 103)(15, 20, 23)(16, 79, 106)(21, 105, 24)(22, 62, 70)(26, 99, 47)(27, 52, 55)(30, 78, 73)(32, 72, 44)(33, 80, 69)(34, 77, 96)(35, 41, 48)(36, 104, 75)(38, 94, 98)(39, 107, 93)(40, 87, 88)(42, 89, 81)(46, 82, 51)(50, 66, 74)(54, 63, 76)(56, 108, 65)(58, 102, 91)(59, 95, 64)(61, 83, 100)
(1, 36, 101, 28, 30, 41, 91, 86)(2, 78, 84, 34, 46, 25, 100, 53)(3, 26, 62, 74, 19, 5, 56, 71)(4, 63, 107, 49)(6, 42, 95, 32, 10, 38, 77, 12)(7, 72, 59, 70, 47, 88, 87, 20)(8, 57, 17, 52, 37, 15, 79, 9)(11, 51, 105, 21)(13, 39, 89, 97, 75, 80, 33, 55)(14, 103, 66, 48, 73, 45, 83, 31)(16, 92, 44, 90, 27, 69, 104, 18)(22, 64, 81, 93, 54, 58, 35, 50)(23, 40, 99, 67, 65, 94, 68, 106)(24, 82, 96, 98, 108, 29, 61, 60)(43, 102, 76, 85)
*
G2
[ 0, 2, 3, 8 ]
[ 3, 5, 12 ]
(1, 6)(3, 12)(4, 16)(5, 8)(7, 22)(9, 28)(11, 18)(13, 35)(14, 38)(15, 24)(17, 43)(19, 44)(20, 48)(21, 31)(23, 37)(25, 55)(26, 59)(27, 40)(29, 63)(30, 64)(32, 68)(33, 72)(34, 50)(36, 46)(39, 79)(41, 83)(45, 52)(47, 65)(49, 89)(51, 92)(54, 75)(56, 98)(57, 99)(58, 80)(60, 100)(61, 81)(62, 84)(66, 101)(67, 73)(69, 87)(70, 88)(71, 90)(74, 103)(76, 104)(77, 102)(78, 94)(82, 91)(85, 96)(86, 106)(95, 97)(107, 108)
(1, 2, 5)(3, 6, 11)(4, 8, 15)(7, 12, 21)(9, 16, 27)(10, 18, 19)(13, 22, 34)(14, 24, 37)(17, 28, 42)(20, 31, 47)(23, 35, 36)(25, 38, 54)(26, 40, 58)(29, 43, 62)(30, 44, 63)(32, 48, 67)(33, 50, 71)(39, 55, 78)(41, 59, 82)(45, 64, 74)(46, 65, 52)(49, 68, 88)(51, 72, 91)(53, 75, 76)(56, 79, 97)(57, 80, 98)(60, 83, 101)(61, 84, 100)(66, 73, 92)(69, 89, 105)(70, 90, 87)(77, 94, 107)(81, 99, 85)(86, 103, 108)(93, 104, 106)(95, 102, 96)
(1, 8, 16, 28, 43, 63, 19, 11)(2, 6, 12, 22, 35, 37, 15, 5)(3, 18, 10, 44, 64, 52, 47, 21)(4, 24, 38, 55, 79, 98, 58, 27)(7, 31, 48, 68, 89, 87, 71, 34)(9, 40, 59, 83, 100, 62, 17, 42)(13, 50, 72, 92, 67, 20, 65, 36)(14, 23, 46, 45, 103, 106, 76, 54)(25, 75, 53, 104, 93, 86, 107, 78)(26, 80, 99, 61, 60, 66, 51, 82)(29, 84, 81, 96, 77, 108, 74, 30)(32, 73, 101, 41, 91, 33, 90, 88)(39, 94, 102, 97)(49, 70, 69, 105)(56, 95, 85, 57)
*
G2
[ 0, 2, 3, 8 ]
[ 3, 5, 13 ]
(1, 6)(3, 12)(4, 16)(5, 8)(7, 22)(9, 28)(11, 18)(13, 35)(14, 38)(15, 24)(17, 43)(19, 44)(20, 48)(21, 31)(23, 37)(25, 55)(26, 59)(27, 40)(29, 63)(30, 64)(32, 68)(33, 72)(34, 50)(36, 46)(39, 79)(41, 83)(45, 52)(47, 65)(49, 89)(51, 92)(54, 75)(56, 98)(57, 99)(58, 80)(60, 100)(61, 81)(62, 84)(66, 101)(67, 73)(69, 87)(70, 88)(71, 90)(74, 103)(76, 104)(77, 102)(78, 94)(82, 91)(85, 96)(86, 106)(95, 97)(107, 108)
(1, 81, 27)(2, 106, 95)(3, 45, 32)(4, 35, 51)(5, 13, 61)(6, 55, 34)(7, 52, 41)(8, 49, 62)(9, 25, 19)(10, 68, 74)(11, 59, 105)(12, 39, 20)(14, 44, 85)(15, 48, 91)(16, 78, 42)(17, 33, 76)(18, 72, 97)(21, 84, 82)(22, 88, 46)(23, 86, 83)(24, 89, 58)(26, 92, 65)(28, 104, 30)(29, 96, 71)(31, 79, 108)(36, 64, 99)(37, 56, 94)(38, 93, 63)(40, 54, 101)(43, 69, 70)(47, 102, 57)(50, 67, 66)(53, 103, 100)(60, 77, 107)(73, 87, 90)(75, 98, 80)
(1, 40, 66, 73, 71, 85, 19, 55)(2, 97, 33, 43, 88, 7, 83, 106)(3, 68, 10, 103, 53, 60, 108, 39)(4, 92, 59, 18, 95, 86, 37, 78)(5, 81, 6, 50, 101, 75, 58, 49)(8, 84, 31, 107, 102, 65, 51, 13)(9, 44, 38, 29, 90, 69, 17, 104)(11, 105, 26, 47, 99, 30, 76, 72)(12, 48, 24, 80, 56, 23, 41, 45)(14, 96, 63, 93)(15, 82, 62, 89)(16, 42, 94, 98, 54, 27, 61, 35)(20, 79, 21, 91)(22, 36, 57, 77, 100, 74, 32, 52)(25, 28, 64, 46, 70, 87, 67, 34)
*
G2
[ 0, 2, 3, 8 ]
[ 3, 6, 12 ]
(1, 6)(3, 12)(4, 16)(5, 8)(7, 22)(9, 28)(11, 18)(13, 35)(14, 38)(15, 24)(17, 43)(19, 44)(20, 48)(21, 31)(23, 37)(25, 55)(26, 59)(27, 40)(29, 63)(30, 64)(32, 68)(33, 72)(34, 50)(36, 46)(39, 79)(41, 83)(45, 52)(47, 65)(49, 89)(51, 92)(54, 75)(56, 98)(57, 99)(58, 80)(60, 100)(61, 81)(62, 84)(66, 101)(67, 73)(69, 87)(70, 88)(71, 90)(74, 103)(76, 104)(77, 102)(78, 94)(82, 91)(85, 96)(86, 106)(95, 97)(107, 108)
(1, 5, 2)(3, 11, 6)(4, 15, 8)(7, 21, 12)(9, 27, 16)(10, 19, 18)(13, 34, 22)(14, 37, 24)(17, 42, 28)(20, 47, 31)(23, 36, 35)(25, 54, 38)(26, 58, 40)(29, 62, 43)(30, 63, 44)(32, 67, 48)(33, 71, 50)(39, 78, 55)(41, 82, 59)(45, 74, 64)(46, 52, 65)(49, 88, 68)(51, 91, 72)(53, 76, 75)(56, 97, 79)(57, 98, 80)(60, 101, 83)(61, 100, 84)(66, 92, 73)(69, 105, 89)(70, 87, 90)(77, 107, 94)(81, 85, 99)(86, 108, 103)(93, 106, 104)(95, 96, 102)
(1, 2, 8, 24, 23, 13, 7, 3)(4, 5, 6, 18, 44, 29, 17, 9)(10, 11, 12, 31, 65, 45, 30, 19)(14, 15, 16, 40, 80, 56, 39, 25)(20, 21, 22, 50, 90, 69, 49, 32)(26, 27, 28, 42, 43, 84, 60, 41)(33, 34, 35, 46, 47, 48, 73, 51)(36, 37, 38, 75, 104, 86, 74, 52)(53, 54, 55, 94, 108, 106, 93, 76)(57, 58, 59, 91, 92, 101, 100, 81)(61, 62, 63, 64, 103, 107, 102, 85)(66, 67, 68, 70, 71, 72, 82, 83)(77, 78, 79, 95)(87, 88, 89, 105)(96, 97, 98, 99)
*
G2
[ 0, 2, 3, 8 ]
[ 3, 6, 13 ]
(1, 6)(3, 12)(4, 16)(5, 8)(7, 22)(9, 28)(11, 18)(13, 35)(14, 38)(15, 24)(17, 43)(19, 44)(20, 48)(21, 31)(23, 37)(25, 55)(26, 59)(27, 40)(29, 63)(30, 64)(32, 68)(33, 72)(34, 50)(36, 46)(39, 79)(41, 83)(45, 52)(47, 65)(49, 89)(51, 92)(54, 75)(56, 98)(57, 99)(58, 80)(60, 100)(61, 81)(62, 84)(66, 101)(67, 73)(69, 87)(70, 88)(71, 90)(74, 103)(76, 104)(77, 102)(78, 94)(82, 91)(85, 96)(86, 106)(95, 97)(107, 108)
(1, 27, 81)(2, 95, 106)(3, 32, 45)(4, 51, 35)(5, 61, 13)(6, 34, 55)(7, 41, 52)(8, 62, 49)(9, 19, 25)(10, 74, 68)(11, 105, 59)(12, 20, 39)(14, 85, 44)(15, 91, 48)(16, 42, 78)(17, 76, 33)(18, 97, 72)(21, 82, 84)(22, 46, 88)(23, 83, 86)(24, 58, 89)(26, 65, 92)(28, 30, 104)(29, 71, 96)(31, 108, 79)(36, 99, 64)(37, 94, 56)(38, 63, 93)(40, 101, 54)(43, 70, 69)(47, 57, 102)(50, 66, 67)(53, 100, 103)(60, 107, 77)(73, 90, 87)(75, 80, 98)
(1, 61, 8, 89, 80, 54, 66, 34)(2, 86, 41, 22, 70, 17, 72, 95)(3, 52, 83, 37, 98, 58, 15, 20)(4, 13, 81, 40, 75, 56, 78, 42)(5, 35, 92, 47, 77, 108, 21, 62)(6, 25, 44, 96, 90, 67, 101, 27)(7, 45, 68, 103, 60, 102, 99, 46)(9, 55, 50, 73, 69, 88, 36, 30)(10, 32, 12, 79, 107, 100, 53, 74)(11, 26, 51, 16, 94, 23, 106, 97)(14, 19, 28, 76, 43, 87, 71, 63)(18, 33, 104, 64, 57, 65, 59, 105)(24, 49, 84, 91)(29, 85, 38, 93)(31, 39, 48, 82)
